0 M4A2839X 0 0
1 M4A2839S 1 0
2 M4A293EP 2 0
3 M4A293ER 3 0
4 M4A293BI 4 0
5 M4A293BF 5 0
6 M4A293BE 6 0
7 M4A293BB 0 1
8 M4A293EB 1 1
9 M49ZI1NV 2 1
10 M49ZI1NY 3 1
11 M4A283A3 4 1
12 M4A293BK 5 1
13 M4A293C5 6 1
14 M4A293BS 0 2
15 M4A293C2 1 2
16 M4A293BX 2 2
17 M4A293CB 3 2
18 M4A2839R 4 2
19 M4A2839Y 5 2
20 M4A293E9 6 2
21 M4A2839A 0 3
22 M4A293C8 1 3
23 M4A2839W 2 3
24 M4A2839I 3 3
25 M4A293BW 4 3
26 M4A293EG 5 3
27 M4A293E3 6 3
28 M4A293EX 0 4
29 M4A293DH 1 4
30 M4A2839J 2 4
31 M4A2839P 3 4
32 M4A2839B 4 4
33 M4A293B9 5 4
34 M49WC0LV 6 4
35 M4A293E1 0 5
36 M4A293E4 1 5
37 M4A293EH 2 5
38 M4A28395 3 5
39 M4A2839D 4 5
40 M4A28396 5 5
41 M4A293EJ 6 5
42 M4A293EC 0 6
43 M4A2839G 1 6
44 M4A2839Q 2 6
45 M49W90F1 3 6
46 M4A293EA 4 6
47 M4A283A2 5 6
48 M4A293EV 6 6
